        M          18       PRG1203      4      5      5      5      4
        F          30       SEG1201      3      2      1      5      4
        M          27       PRG1203      5      5      4      5      5
        F          67       CSC1202      5      2      5      4      5
        F          41       SEG1201      3      3      2      5      5
        M          39       PRG1203      5      4      5      4      4
        M          51       CSC1202      3      4      5      2      4
        M          32       SEG1201      3      2      3      4      3
        F          45       PRG1203      4      5      4      5      5
        F          62       CSC1202      5      5      5      4      5
        M          77       PRG1203      5      4      5      4      4
        F          15       CSC1202      1      2      3      4      5
        M          66       PRG1203      5      5      4      5      5
        M          43       SEG1201      3      4      4      5      5
        F          57       PRG1203      4      5      5      5      4
        F          46       WEB1201      4      5      3      4      5
        M          45       WEB1201      3      3      3      3      3
        M          85       CSC1202      1      2      3      4      5
        F          34       WEB1201      3      3      4      5      3
        M          56       PRG1203      3      5      4      5      5
